30 static screws, screw #31 dropped from [0.01, -0.02, 0.20]

6. m12_screw
-0.00332926, -0.00172104, 0.0112546
[
  0.861971, 0.485184, -0.146977
  -0.476896, 0.677682, -0.559748
  -0.171977, 0.552579, 0.815524
]
0.915857, 0.30363, 0.00682408, -0.262617

7. m12_screw
0.0439483, -0.0356873, 0.0110358
[
  -0.637997, 0.689487, 0.342881
  -0.759668, -0.490731, -0.426717
  -0.125954, -0.532719, 0.836867
]
0.420755, -0.0629837, 0.278567, -0.861045

8. m12_screw
0.010014, 0.0105937, 0.0220562
[
  0.510588, -0.811596, -0.283923
  -0.52996, -0.557081, 0.639377
  -0.677084, -0.175991, -0.714552
]
0.244415, -0.834, 0.402145, 0.288072

9. m12_screw
0.0605675, 0.0226787, 0.0268958
[
  -0.0773255, 0.641452, -0.763257
  -0.373122, -0.728535, -0.574471
  -0.924554, 0.240366, 0.295674
]
0.349933, 0.582137, 0.115235, -0.724834

10. m12_screw
0.0283691, -0.0198045, 0.0113255
[
  0.970803, -0.233775, 0.0537632
  0.132517, 0.335841, -0.93255
  0.199951, 0.912447, 0.357015
]
0.816036, 0.565231, -0.044786, 0.112217

11. m12_screw
0.0362967, 0.00359439, 0.0112457
[
  0.801866, -0.582096, -0.134814
  -0.572382, -0.813081, 0.106203
  -0.171435, -0.00799534, -0.985163
]
0.0300934, -0.948698, 0.304227, 0.0807025

12. m12_screw
-0.044438, -0.00718031, 0.0116167
[
  -0.93553, -0.314007, 0.161814
  0.0130297, -0.488437, -0.872502
  0.353008, -0.814143, 0.461039
]
0.0962704, 0.151549, -0.496501, 0.849265

13. m12_screw
-0.0228717, -0.00255167, 0.017276
[
  -0.553676, -0.805187, -0.212407
  0.694114, -0.587162, 0.416468
  -0.460052, 0.0831539, 0.88399
]
0.431031, -0.193324, 0.143635, 0.869602

14. m12_screw
0.0121794, -0.0163506, 0.0233909
[
  0.667568, 0.732799, -0.13175
  0.744138, -0.650791, 0.150764
  0.0247381, -0.198686, -0.979751
]
0.0962105, -0.908035, -0.40663, 0.0294625

15. m12_screw
-0.0189566, -0.014584, 0.0284401
[
  0.666082, 0.743415, -0.0605671
  0.744404, -0.667673, -0.00865812
  -0.0468756, -0.0393194, -0.998127
]
0.00839876, -0.912672, -0.407545, 0.0294308

16. m12_screw
0.00548003, 0.048246, 0.0111724
[
  0.566627, 0.575648, 0.589545
  -0.80857, 0.526161, 0.26338
  -0.158581, -0.625927, 0.763589
]
0.845041, -0.263096, 0.221328, -0.409512

17. m12_screw
-0.00952886, 0.0168598, 0.0109992
[
  0.97661, 0.060641, 0.206292
  0.183396, 0.265928, -0.946387
  -0.112249, 0.962084, 0.248586
]
0.789165, 0.604586, 0.100911, 0.0388876

18. m12_screw
-0.00947718, 0.0370149, 0.0117801
[
  0.570325, -0.787039, -0.235158
  -0.421308, -0.0345187, -0.906261
  0.705145, 0.615937, -0.351272
]
0.544181, 0.699306, -0.431981, 0.168019

19. m12_screw
0.0526074, 0.0331783, 0.0107394
[
  -0.455649, 0.409846, -0.790196
  0.889677, 0.238889, -0.38911
  0.0292936, -0.880317, -0.47348
]
0.27828, -0.441289, -0.73621, 0.431069

20. m12_screw
-0.0361583, 0.0296179, 0.0112671
[
  0.700266, 0.450663, 0.553651
  0.692751, -0.241686, -0.679473
  -0.172404, 0.859355, -0.481442
]
0.494251, 0.778363, 0.36725, 0.122452

21. m12_screw
-0.00315124, 0.0465757, 0.0304769
[
  0.950966, -0.00633735, -0.30923
  0.248922, -0.577734, 0.777342
  -0.183579, -0.8162, -0.547828
]
0.454259, -0.877002, -0.0691516, 0.140481

22. m12_screw
0.0272527, 0.024626, 0.0183481
[
  0.820095, 0.56567, 0.0863748
  -0.255238, 0.496705, -0.829541
  -0.512149, 0.658257, 0.551726
]
0.846836, 0.439222, 0.176694, -0.242346

23. m12_screw
0.0157596, 0.03375, 0.0261243
[
  0.695999, -0.715894, 0.0555068
  0.535102, 0.465576, -0.704914
  0.478801, 0.520322, 0.707117
]
0.846861, 0.361699, -0.12496, 0.369304

24. m12_screw
-0.0592666, 0.0324903, 0.00741068
[
  0.00087292, -0.691733, 0.722152
  -0.0010393, -0.722153, -0.691733
  0.999999, -0.000146708, -0.0013493
]
0.26333, 0.656577, -0.263782, 0.655731

25. m12_screw
-0.0205157, 0.0253008, 0.0218002
[
  -0.297687, -0.909979, -0.288654
  0.787774, -0.0633564, -0.612697
  0.539253, -0.409786, 0.735718
]
0.586233, 0.0865316, -0.353062, 0.72401

26. m12_screw
-0.010729, -0.0184609, 0.0109657
[
  0.870394, 0.374443, 0.319699
  -0.481624, 0.782352, 0.394923
  -0.102241, -0.497713, 0.861295
]
0.937289, -0.23809, 0.112543, -0.228336

27. m12_screw
-0.0355227, -0.0313322, 0.011257
[
  0.523979, -0.656784, -0.542291
  -0.834159, -0.524375, -0.170906
  -0.172116, 0.541909, -0.822625
]
0.210345, 0.847198, -0.439963, -0.210815

28. m12_screw
-0.00438862, -0.0483668, 0.0111717
[
  0.978435, -0.200685, 0.0488937
  0.135054, 0.800662, 0.583696
  -0.156286, -0.564505, 0.810499
]
0.947311, -0.303016, 0.0541479, 0.0886031

29. m12_screw
-0.0174565, -0.0328487, 0.0199286
[
  0.921958, -0.215234, -0.321976
  -0.262746, 0.263172, -0.928281
  0.284533, 0.940433, 0.186082
]
0.769937, 0.606775, -0.196935, -0.0154273

30. m12_screw
-0.0260409, -0.0488787, 0.0253198
[
  0.894922, -0.442194, 0.0598247
  -6.77098e-05, -0.134204, -0.990954
  0.446223, 0.886822, -0.120132
]
0.640427, 0.733017, -0.150836, 0.172591

31. m12_screw
-0.0520553, -0.0410647, 0.00740135
[
  -0.000255724, 0.990294, 0.138988
  5.22823e-05, -0.138988, 0.990294
  1, 0.000260509, -1.62322e-05
]
0.46388, -0.533561, -0.464027, -0.533673

32. m12_screw
0.060695, -0.043775, 0.00797216
[
  0.0506446, 0.507115, -0.860389
  -0.0469369, 0.861751, 0.505155
  0.997613, 0.0148006, 0.0674455
]
0.703534, -0.174247, -0.660239, -0.196882

33. m12_screw
0.0612381, -0.00141282, 0.0200805
[
  -0.919058, 0.0458848, -0.391443
  0.224136, 0.877804, -0.423347
  0.324185, -0.476816, -0.817037
]
0.188222, -0.0710198, -0.950513, 0.236757

34. m12_screw
-0.0289175, -0.0324694, 0.0354254
[
  0.914795, 0.366355, -0.170099
  -0.290297, 0.889139, 0.353779
  0.28085, -0.274256, 0.919732
]
0.96484, -0.162731, -0.116846, -0.170145

35. m12_screw
-0.00129542, -0.0224922, 0.0325453
[
  -0.660183, 0.60305, -0.447761
  -0.0666672, 0.546737, 0.834646
  0.748141, 0.58087, -0.320743
]
0.376102, -0.168688, -0.794931, -0.445169

36. m12_screw
0.0612828, -0.0142989, 0.0331287
[
  -0.922096, -0.343509, -0.178158
  -0.276858, 0.263992, 0.923936
  -0.270348, 0.901282, -0.338529
]
0.0290106, -0.195218, 0.794452, 0.574364